# Created by Octave 3.8.1, Wed Nov 19 20:03:51 2014 MSK <root@calypso>
# name: v
# type: matrix
# rows: 10
# columns: 2
 6.1101 17.592
 5.5277 9.1302
 8.518599999999999 13.662
 7.0032 11.854
 5.8598 6.8233
 8.382899999999999 11.886
 7.4764 4.3483
 8.578099999999999 12
 6.4862 6.5987
 5.0546 3.8166


# name: v
# type: matrix
# rows: 10
# columns: 2
 6.1101 17.592
 5.5277 9.1302
 8.518599999999999 13.662
 7.0032 11.854
 5.8598 6.8233
 8.382899999999999 11.886
 7.4764 4.3483
 8.578099999999999 12
 6.4862 6.5987
 5.0546 3.8166


